0.0 1141183.0 225749.0 1141183.0 225743.0 30.0
0.0 1141183.0 225740.0 1141197.0 225738.0 24.0
0.0 1141217.0 225737.0 1141225.0 225718.0 30.0
0.0 1141230.0 225719.0 1141242.0 225722.0 30.0
0.0 1141246.0 225727.0 1141241.0 225740.0 30.0
0.0 1141234.0 225756.0 1141233.0 225760.0 6.0
0.0 1141249.0 225767.0 1141256.0 225768.0 6.0
0.0 1141284.0 225772.0 1141291.0 225773.0 6.0
0.0 1141318.0 225773.0 1141351.0 225762.0 30.0
0.0 1141379.0 225755.0 1141376.0 225758.0 6.0
0.0 1141357.0 225765.0 1141358.0 225783.0 30.0
0.0 1141314.0 225796.0 1141304.0 225781.0 30.0
0.0 1141267.0 225776.0 1141171.0 225767.0 60.0
0.0 1141154.0 225766.0 1141055.0 225739.0 57.0
0.0 1141002.0 225708.0 1140867.0 225663.0 60.0
0.0 1140685.0 225240.0 1140675.0 225246.0 21.0
0.0 1140676.0 225270.0 1140689.0 225303.0 30.0
0.0 1140725.0 225316.0 1140737.0 225316.0 8.0
0.0 1140789.0 225344.0 1140812.0 225369.0 30.0
0.0 1140858.0 225372.0 1140904.0 225376.0 30.0
0.0 1140954.0 225379.0 1140997.0 225379.0 30.0
0.0 1141033.0 225380.0 1141066.0 225393.0 30.0
0.0 1141068.0 225426.0 1141074.0 225448.0 30.0
0.0 1141117.0 225455.0 1141160.0 225461.0 30.0
0.0 1141169.0 225463.0 1141172.0 225464.0 52.0
0.0 1141209.0 225470.0 1141248.0 225476.0 30.0
0.0 1141256.0 225478.0 1141260.0 225479.0 30.0
0.0 1141261.0 225529.0 1141275.0 225551.0 20.0
0.0 1141293.0 225557.0 1141312.0 225544.0 30.0
0.0 1141328.0 225554.0 1141339.0 225571.0 30.0
0.0 1141350.0 225586.0 1141384.0 225654.0 120.0
0.0 1141370.0 225678.0 1141380.0 225695.0 30.0
0.0 1141378.0 225721.0 1141389.0 225750.0 30.0
0.0 1141367.0 225761.0 1141358.0 225776.0 30.0
0.0 1141358.0 225789.0 1141359.0 225792.0 8.0
0.0 1141368.0 225801.0 1141369.0 225816.0 30.0
1.0 1141333.0 225847.0 1141322.0 225846.0 30.0
1.0 1141295.0 225847.0 1141279.0 225864.0 30.0
1.0 1141264.0 225880.0 1141243.0 225912.0 30.0
1.0 1141209.0 225914.0 1141197.0 225930.0 60.0
1.0 1141180.0 225996.0 1141172.0 226005.0 30.0
1.0 1141156.0 226026.0 1141184.0 226057.0 30.0
1.0 1141220.0 226077.0 1141259.0 226099.0 30.0
1.0 1141339.0 226174.0 1141340.0 226176.0 30.0
1.0 1141365.0 226206.0 1141373.0 226213.0 90.0
1.0 1141362.0 226245.0 1141382.0 226268.0 30.0
1.0 1141395.0 226271.0 1141396.0 226268.0 8.0
1.0 1141400.0 226252.0 1141402.0 226250.0 79.0
1.0 1141397.0 226260.0 1141396.0 226267.0 8.0
1.0 1141390.0 226273.0 1141316.0 226216.0 99.0
1.0 1141304.0 226205.0 1141289.0 226187.0 30.0
1.0 1141263.0 226158.0 1141230.0 226136.0 30.0
1.0 1141227.0 226133.0 1141200.0 226115.0 30.0
1.0 1141194.0 226120.0 1141186.0 226125.0 22.0
1.0 1141196.0 226118.0 1141206.0 226117.0 120.0
1.0 1141236.0 226137.0 1141253.0 226136.0 30.0
1.0 1141302.0 226109.0 1141309.0 226107.0 8.0
1.0 1141343.0 226099.0 1141379.0 226092.0 30.0
1.0 1141411.0 226092.0 1141449.0 226096.0 30.0
1.0 1141451.0 226097.0 1141464.0 226084.0 122.0
1.0 1141458.0 226087.0 1141453.0 226095.0 30.0
1.0 1141459.0 226097.0 1141498.0 226081.0 30.0
1.0 1141528.0 226080.0 1141564.0 226091.0 30.0
1.0 1141518.0 225939.0 1141514.0 225934.0 30.0
1.0 1141460.0 225870.0 1141454.0 225856.0 30.0
1.0 1141450.0 225849.0 1141447.0 225847.0 20.0
1.0 1141410.0 225820.0 1141410.0 225806.0 30.0
1.0 1141403.0 225789.0 1141398.0 225779.0 30.0
1.0 1141393.0 225761.0 1141378.0 225721.0 120.0
1.0 1141378.0 225721.0 1141376.0 225717.0 50.0
1.0 1141377.0 225707.0 1141379.0 225703.0 30.0
1.0 1141379.0 225699.0 1141379.0 225692.0 30.0
1.0 1141373.0 225682.0 1141364.0 225673.0 20.0
1.0 1141345.0 225653.0 1141328.0 225633.0 30.0
1.0 1141301.0 225617.0 1141273.0 225605.0 30.0
1.0 1141267.0 225602.0 1141252.0 225593.0 210.0
1.0 1141240.0 225586.0 1141233.0 225583.0 8.0
1.0 1141225.0 225579.0 1141188.0 225540.0 128.0
1.0 1141186.0 225536.0 1141184.0 225534.0 38.0
1.0 1141181.0 225530.0 1141161.0 225526.0 60.0
1.0 1141153.0 225536.0 1141121.0 225543.0 30.0
1.0 1141089.0 225529.0 1141067.0 225530.0 60.0
1.0 1141044.0 225533.0 1141031.0 225528.0 22.0
1.0 1141000.0 225520.0 1140997.0 225520.0 55.0
1.0 1140994.0 225494.0 1140994.0 225489.0 8.0
1.0 1140995.0 225469.0 1140995.0 225444.0 30.0
1.0 1140995.0 225438.0 1140996.0 225420.0 22.0
1.0 1140996.0 225392.0 1140985.0 225383.0 60.0
1.0 1140977.0 225383.0 1140962.0 225383.0 8.0
1.0 1140951.0 225382.0 1140937.0 225382.0 8.0
1.0 1140925.0 225382.0 1140918.0 225383.0 30.0
1.0 1140903.0 225380.0 1140891.0 225378.0 8.0
1.0 1140048.0 225300.0 1140007.0 225302.0 22.0
1.0 1139949.0 225285.0 1139939.0 225286.0 8.0
1.0 1139931.0 225332.0 1139929.0 225341.0 8.0
1.0 1139926.0 225356.0 1139919.0 225357.0 8.0
1.0 1139907.0 225357.0 1139904.0 225358.0 8.0
1.0 1139893.0 225361.0 1139850.0 225364.0 30.0
1.0 1139836.0 225364.0 1139790.0 225365.0 22.0
1.0 1139747.0 225375.0 1139765.0 225367.0 10.0
1.0 1139805.0 225363.0 1139839.0 225362.0 30.0
1.0 1139888.0 225359.0 1139914.0 225349.0 28.0
1.0 1139920.0 225347.0 1139923.0 225346.0 22.0
1.0 1139929.0 225345.0 1139921.0 225400.0 54.0
1.0 1139918.0 225436.0 1139925.0 225439.0 8.0
1.0 1139957.0 225451.0 1139996.0 225462.0 30.0
1.0 1140003.0 225464.0 1140039.0 225471.0 22.0
1.0 1140072.0 225490.0 1140095.0 225476.0 90.0
1.0 1140118.0 225441.0 1140125.0 225420.0 60.0
1.0 1140143.0 225396.0 1140176.0 225402.0 30.0
1.0 1141172.0 225859.0 1141175.0 225862.0 210.0
1.0 1141179.0 225864.0 1141177.0 225863.0 8.0
1.0 1141167.0 225860.0 1141158.0 225853.0 30.0
1.0 1141170.0 225830.0 1141182.0 225837.0 22.0
1.0 1141159.0 225822.0 1141143.0 225830.0 30.0
1.0 1141148.0 225813.0 1141155.0 225821.0 30.0
1.0 1141171.0 225829.0 1141169.0 225833.0 8.0
1.0 1141158.0 225852.0 1141164.0 225859.0 22.0
1.0 1141171.0 225860.0 1141157.0 225858.0 30.0
1.0 1141146.0 225868.0 1141144.0 225870.0 8.0
1.0 1141142.0 225879.0 1141145.0 225881.0 8.0
1.0 1141155.0 225883.0 1141188.0 225903.0 38.0
1.0 1141205.0 225913.0 1141239.0 225914.0 30.0
1.0 1141261.0 225887.0 1141275.0 225868.0 30.0
1.0 1141287.0 225856.0 1141303.0 225843.0 30.0
1.0 1141325.0 225845.0 1141333.0 225845.0 30.0
1.0 1141353.0 225844.0 1141365.0 225831.0 38.0
1.0 1141369.0 225818.0 1141367.0 225801.0 30.0
1.0 1141358.0 225792.0 1141358.0 225787.0 8.0
1.0 1141358.0 225772.0 1141357.0 225769.0 201.0
1.0 1141341.0 225768.0 1141332.0 225770.0 8.0
1.0 1141318.0 225775.0 1141298.0 225780.0 30.0
1.0 1141237.0 225794.0 1141235.0 225793.0 8.0
1.0 1141228.0 225793.0 1141229.0 225775.0 30.0
1.0 1141230.0 225767.0 1141239.0 225742.0 22.0
1.0 1141223.0 225739.0 1141219.0 225739.0 8.0
1.0 1141217.0 225738.0 1141217.0 225735.0 30.0
1.0 1141219.0 225724.0 1141220.0 225721.0 8.0
1.0 1141243.0 225723.0 1141246.0 225724.0 30.0
1.0 1141246.0 225730.0 1141245.0 225732.0 8.0
1.0 1141237.0 225748.0 1141231.0 225767.0 22.0
1.0 1141229.0 225789.0 1141237.0 225794.0 38.0
1.0 1141263.0 225796.0 1141275.0 225796.0 8.0
1.0 1141309.0 225796.0 1141316.0 225796.0 8.0
1.0 1141327.0 225798.0 1141329.0 225816.0 62.0
1.0 1141328.0 225807.0 1141327.0 225797.0 30.0
1.0 1141322.0 225796.0 1141305.0 225789.0 30.0
1.0 1141102.0 225483.0 1141100.0 225450.0 52.0
1.0 1141103.0 225425.0 1141106.0 225400.0 30.0
1.0 1141107.0 225387.0 1141108.0 225382.0 8.0
1.0 1141110.0 225365.0 1141110.0 225362.0 8.0
1.0 1141108.0 225362.0 1141110.0 225338.0 90.0
1.0 1141115.0 225330.0 1141140.0 225318.0 30.0
1.0 1141151.0 225343.0 1141154.0 225348.0 8.0
1.0 1141168.0 225362.0 1141176.0 225366.0 30.0
1.0 1141195.0 225381.0 1141176.0 225400.0 30.0
1.0 1141128.0 225382.0 1141112.0 225380.0 8.0
1.0 1141007.0 225383.0 1140944.0 225381.0 30.0
1.0 1140889.0 225377.0 1140799.0 225363.0 60.0
1.0 1140772.0 225322.0 1140732.0 225318.0 30.0
1.0 1140679.0 225318.0 1140664.0 225318.0 8.0
1.0 1140626.0 225318.0 1140612.0 225318.0 8.0
1.0 1140580.0 225318.0 1140558.0 225318.0 30.0
1.0 1140534.0 225349.0 1140534.0 225350.0 98.0
1.0 1140540.0 225353.0 1140548.0 225352.0 38.0
1.0 1140551.0 225352.0 1140568.0 225354.0 30.0
1.0 1140570.0 225354.0 1140576.0 225354.0 8.0
1.0 1140577.0 225354.0 1140581.0 225370.0 22.0
1.0 1140581.0 225408.0 1140582.0 225417.0 8.0
1.0 1140607.0 225421.0 1140649.0 225427.0 30.0
2.0 1140720.0 225429.0 1140738.0 225430.0 8.0
2.0 1140759.0 225423.0 1140762.0 225431.0 60.0
2.0 1140763.0 225437.0 1140763.0 225449.0 22.0
2.0 1140763.0 225449.0 1140761.0 225481.0 112.0
2.0 1140762.0 225490.0 1140768.0 225516.0 30.0
2.0 1140799.0 225516.0 1140807.0 225517.0 10.0
2.0 1140811.0 225516.0 1140828.0 225516.0 30.0
2.0 1140838.0 225516.0 1140860.0 225516.0 20.0
2.0 1140876.0 225517.0 1140878.0 225496.0 30.0
2.0 1140866.0 225493.0 1140862.0 225494.0 8.0
2.0 1140849.0 225494.0 1140846.0 225493.0 8.0
2.0 1140842.0 225493.0 1140831.0 225492.0 30.0
2.0 1140817.0 225494.0 1140815.0 225503.0 30.0
2.0 1140817.0 225515.0 1140842.0 225516.0 30.0
2.0 1140874.0 225517.0 1140879.0 225517.0 8.0
2.0 1140879.0 225499.0 1140877.0 225495.0 8.0
2.0 1140876.0 225494.0 1140882.0 225482.0 30.0
2.0 1140889.0 225476.0 1140911.0 225473.0 60.0
2.0 1140911.0 225549.0 1140910.0 225560.0 8.0
2.0 1140909.0 225585.0 1140894.0 225614.0 30.0
2.0 1140886.0 225628.0 1140867.0 225673.0 32.0
2.0 1140602.0 225782.0 1140564.0 225790.0 26.0
2.0 1140540.0 225826.0 1140527.0 225874.0 30.0
2.0 1140496.0 225910.0 1140374.0 225994.0 90.0
2.0 1140362.0 226006.0 1140351.0 226028.0 20.0
2.0 1140358.0 226038.0 1140371.0 226055.0 22.0
2.0 1140384.0 226071.0 1140384.0 226072.0 120.0
2.0 1140386.0 226075.0 1140368.0 226096.0 22.0
2.0 1140333.0 226139.0 1140327.0 226150.0 30.0
2.0 1140327.0 226152.0 1140325.0 226152.0 22.0
2.0 1140296.0 226185.0 1140280.0 226230.0 30.0
2.0 1140305.0 226241.0 1140306.0 226251.0 30.0
2.0 1140299.0 226274.0 1140307.0 226298.0 30.0
2.0 1140313.0 226296.0 1140312.0 226299.0 22.0
2.0 1140307.0 226299.0 1140301.0 226290.0 212.0
2.0 1140300.0 226271.0 1140307.0 226246.0 30.0
2.0 1140308.0 226244.0 1140308.0 226243.0 52.0
2.0 1140301.0 226240.0 1140292.0 226238.0 22.0
2.0 1140285.0 226236.0 1140278.0 226229.0 52.0
2.0 1140290.0 226196.0 1140313.0 226160.0 30.0
2.0 1140334.0 226136.0 1140351.0 226115.0 30.0
2.0 1140378.0 226083.0 1140386.0 226073.0 90.0
2.0 1140392.0 226065.0 1140416.0 226036.0 22.0
2.0 1140437.0 226004.0 1140440.0 225987.0 22.0
2.0 1140439.0 225979.0 1140515.0 225885.0 100.0
2.0 1140524.0 225875.0 1140528.0 225867.0 8.0
2.0 1140533.0 225840.0 1140552.0 225802.0 30.0
2.0 1140577.0 225784.0 1140606.0 225761.0 30.0
2.0 1140628.0 225366.0 1140628.0 225354.0 22.0
2.0 1140629.0 225349.0 1140630.0 225313.0 30.0
2.0 1140630.0 225290.0 1140625.0 225279.0 30.0
2.0 1140613.0 225277.0 1140606.0 225271.0 30.0
2.0 1140606.0 225269.0 1140608.0 225262.0 30.0
2.0 1140606.0 225260.0 1140594.0 225270.0 30.0
2.0 1140592.0 225280.0 1140587.0 225305.0 22.0
2.0 1140626.0 225315.0 1140643.0 225315.0 22.0
2.0 1140684.0 225316.0 1140694.0 225317.0 8.0
2.0 1140725.0 225317.0 1140763.0 225318.0 30.0
2.0 1140871.0 225374.0 1140920.0 225382.0 30.0
2.0 1140969.0 225381.0 1141019.0 225382.0 30.0
2.0 1141032.0 225382.0 1141051.0 225374.0 22.0
2.0 1141052.0 225374.0 1141072.0 225370.0 22.0
2.0 1141103.0 225374.0 1141087.0 225376.0 30.0
2.0 1141051.0 225376.0 1141052.0 225383.0 8.0
2.0 1141068.0 225404.0 1141064.0 225413.0 122.0
2.0 1141048.0 225419.0 1141047.0 225422.0 30.0
2.0 1141052.0 225432.0 1141066.0 225424.0 30.0
2.0 1141075.0 225414.0 1141084.0 225415.0 16.0
2.0 1141099.0 225418.0 1141104.0 225419.0 8.0
2.0 1141110.0 225434.0 1141107.0 225452.0 22.0
2.0 1141106.0 225462.0 1141104.0 225476.0 22.0
2.0 1141104.0 225477.0 1141103.0 225483.0 22.0
2.0 1141100.0 225516.0 1141098.0 225544.0 28.0
2.0 1141113.0 225575.0 1141141.0 225587.0 38.0
2.0 1141174.0 225588.0 1141179.0 225588.0 8.0
2.0 1141196.0 225587.0 1141200.0 225585.0 8.0
2.0 1141218.0 225571.0 1141225.0 225564.0 8.0
2.0 1141264.0 225525.0 1141263.0 225528.0 8.0
2.0 1141247.0 225543.0 1141182.0 225660.0 128.0
2.0 1141179.0 225682.0 1141178.0 225692.0 8.0
2.0 1141178.0 225748.0 1141167.0 225777.0 30.0
2.0 1141161.0 225768.0 1141078.0 225757.0 60.0
2.0 1141071.0 225752.0 1141052.0 225741.0 22.0
2.0 1141041.0 225734.0 1141024.0 225724.0 22.0
2.0 1140991.0 225704.0 1140981.0 225699.0 8.0
2.0 1140973.0 225699.0 1140970.0 225697.0 60.0
2.0 1140969.0 225695.0 1140951.0 225687.0 22.0
2.0 1140947.0 225686.0 1140935.0 225684.0 22.0
2.0 1140915.0 225679.0 1140910.0 225678.0 6.0
2.0 1140883.0 225669.0 1140858.0 225685.0 30.0
2.0 1140855.0 225691.0 1140837.0 225713.0 24.0
2.0 1140829.0 225718.0 1140796.0 225727.0 24.0
2.0 1140788.0 225727.0 1140746.0 225714.0 30.0
2.0 1140722.0 225699.0 1140612.0 225679.0 90.0
2.0 1140572.0 225660.0 1140513.0 225649.0 30.0
2.0 1140455.0 225650.0 1140446.0 225648.0 6.0
2.0 1140410.0 225637.0 1140400.0 225635.0 6.0
2.0 1140358.0 225628.0 1140314.0 225620.0 30.0
2.0 1140275.0 225614.0 1140233.0 225607.0 30.0
2.0 1140192.0 225606.0 1140164.0 225605.0 24.0
2.0 1140135.0 225608.0 1140153.0 225576.0 30.0
2.0 1140196.0 225495.0 1140219.0 225448.0 30.0
2.0 1140222.0 225437.0 1140222.0 225402.0 30.0
2.0 1140176.0 225388.0 1140100.0 225375.0 60.0
2.0 1140102.0 225384.0 1140113.0 225341.0 60.0
2.0 1140093.0 225350.0 1140090.0 225357.0 300.0
2.0 1140089.0 225354.0 1140089.0 225354.0 0.0
2.0 1140092.0 225349.0 1140085.0 225341.0 30.0
2.0 1140062.0 225341.0 1140109.0 225338.0 38.0
2.0 1140120.0 225333.0 1140127.0 225311.0 38.0
2.0 1140764.0 225318.0 1140781.0 225332.0 24.0
2.0 1140790.0 225346.0 1140816.0 225371.0 30.0
2.0 1140866.0 225374.0 1140912.0 225381.0 30.0
2.0 1141004.0 225381.0 1141029.0 225380.0 30.0
2.0 1141065.0 225392.0 1141068.0 225399.0 8.0
2.0 1141066.0 225428.0 1141161.0 225462.0 292.0
2.0 1141166.0 225465.0 1141167.0 225480.0 30.0
2.0 1141168.0 225481.0 1141170.0 225481.0 8.0
2.0 1141238.0 225489.0 1141240.0 225490.0 68.0
2.0 1141245.0 225490.0 1141253.0 225494.0 30.0
2.0 1141259.0 225473.0 1141262.0 225456.0 90.0
2.0 1141270.0 225452.0 1141273.0 225453.0 30.0
2.0 1141281.0 225455.0 1141287.0 225455.0 8.0
2.0 1141296.0 225464.0 1141313.0 225488.0 38.0
2.0 1141330.0 225490.0 1141339.0 225491.0 62.0
2.0 1141349.0 225492.0 1141339.0 225468.0 30.0
2.0 1141301.0 225445.0 1141253.0 225421.0 30.0
2.0 1141220.0 225400.0 1141213.0 225394.0 8.0
2.0 1141197.0 225385.0 1141181.0 225372.0 60.0
2.0 1141169.0 225362.0 1141165.0 225359.0 8.0
2.0 1141152.0 225350.0 1141126.0 225359.0 60.0
2.0 1141118.0 225394.0 1141117.0 225403.0 62.0
2.0 1141115.0 225410.0 1141113.0 225422.0 22.0
2.0 1141110.0 225436.0 1141108.0 225438.0 8.0
2.0 1141102.0 225429.0 1141102.0 225416.0 150.0
2.0 1141107.0 225391.0 1141108.0 225377.0 60.0
2.0 1141109.0 225374.0 1141111.0 225356.0 52.0
2.0 1141117.0 225317.0 1141125.0 225316.0 8.0
2.0 1141150.0 225327.0 1141166.0 225360.0 38.0
2.0 1141179.0 225369.0 1141201.0 225385.0 30.0
2.0 1141252.0 225418.0 1141266.0 225427.0 8.0
2.0 1141306.0 225447.0 1141318.0 225453.0 8.0
2.0 1141349.0 225474.0 1141401.0 225548.0 60.0
2.0 1141411.0 225554.0 1141433.0 225555.0 22.0
2.0 1141500.0 225560.0 1141520.0 225566.0 8.0
2.0 1141562.0 225599.0 1141587.0 225608.0 30.0
2.0 1141574.0 225616.0 1141574.0 225639.0 30.0
2.0 1141607.0 225642.0 1141619.0 225643.0 60.0
2.0 1141625.0 225642.0 1141651.0 225644.0 22.0
2.0 1141664.0 225643.0 1141665.0 225643.0 60.0
2.0 1141652.0 225643.0 1141644.0 225645.0 60.0
2.0 1141654.0 225667.0 1141646.0 225668.0 32.0
2.0 1141625.0 225667.0 1141612.0 225668.0 60.0
2.0 1141583.0 225667.0 1141573.0 225644.0 30.0
2.0 1141574.0 225636.0 1141573.0 225620.0 22.0
2.0 1141557.0 225599.0 1141550.0 225593.0 8.0
2.0 1141526.0 225573.0 1141481.0 225558.0 30.0
2.0 1141431.0 225557.0 1141401.0 225577.0 30.0
2.0 1141407.0 225624.0 1141374.0 225663.0 30.0
2.0 1141371.0 225675.0 1141381.0 225713.0 22.0
2.0 1141372.0 225757.0 1141360.0 225762.0 30.0
2.0 1141350.0 225765.0 1141347.0 225766.0 8.0
2.0 1141340.0 225768.0 1141333.0 225770.0 30.0
2.0 1141300.0 225780.0 1141293.0 225779.0 8.0
2.0 1141264.0 225775.0 1141228.0 225786.0 68.0
2.0 1141228.0 225782.0 1141230.0 225767.0 30.0
2.0 1141233.0 225757.0 1141237.0 225748.0 30.0
2.0 1141238.0 225745.0 1141239.0 225740.0 22.0
2.0 1141240.0 225735.0 1141241.0 225732.0 21.0
2.0 1141244.0 225720.0 1141249.0 225697.0 120.0
2.0 1141251.0 225681.0 1141252.0 225666.0 30.0
2.0 1141247.0 225647.0 1141247.0 225628.0 30.0
2.0 1141248.0 225626.0 1141249.0 225609.0 22.0
2.0 1141250.0 225607.0 1141253.0 225605.0 52.0
2.0 1141256.0 225604.0 1141255.0 225604.0 60.0
2.0 1141256.0 225604.0 1141255.0 225596.0 22.0
2.0 1141251.0 225595.0 1141265.0 225581.0 30.0
2.0 1141276.0 225571.0 1141279.0 225569.0 8.0
2.0 1141283.0 225565.0 1141295.0 225555.0 30.0
2.0 1141303.0 225541.0 1141303.0 225538.0 8.0
2.0 1141302.0 225523.0 1141294.0 225509.0 30.0
2.0 1141296.0 225508.0 1141307.0 225509.0 22.0
2.0 1141307.0 225509.0 1141309.0 225509.0 52.0
2.0 1141313.0 225506.0 1141321.0 225503.0 30.0
2.0 1141325.0 225504.0 1141331.0 225504.0 52.0
2.0 1141331.0 225491.0 1141307.0 225487.0 30.0
2.0 1141295.0 225485.0 1141296.0 225481.0 8.0
2.0 1141296.0 225468.0 1141296.0 225448.0 30.0
2.0 1141274.0 225432.0 1141253.0 225422.0 30.0
2.0 1141246.0 225418.0 1141242.0 225423.0 22.0
2.0 1141236.0 225429.0 1141222.0 225431.0 30.0
2.0 1141220.0 225432.0 1141215.0 225437.0 30.0
2.0 1141219.0 225442.0 1141209.0 225439.0 38.0
2.0 1141203.0 225445.0 1141202.0 225452.0 32.0
2.0 1141202.0 225452.0 1141199.0 225458.0 24.0
2.0 1141198.0 225466.0 1141198.0 225467.0 8.0
2.0 1141372.0 225563.0 1141384.0 225532.0 30.0
2.0 1141360.0 225495.0 1141352.0 225483.0 8.0
2.0 1141337.0 225467.0 1141328.0 225461.0 8.0
2.0 1141305.0 225449.0 1141279.0 225434.0 30.0
2.0 1141269.0 225430.0 1141260.0 225426.0 22.0
2.0 1141250.0 225416.0 1141227.0 225412.0 30.0
2.0 1141220.0 225414.0 1141215.0 225414.0 22.0
2.0 1141194.0 225408.0 1141194.0 225407.0 22.0
2.0 1141181.0 225413.0 1141178.0 225416.0 22.0
2.0 1141164.0 225413.0 1141145.0 225410.0 30.0
2.0 1141136.0 225413.0 1141136.0 225417.0 8.0
2.0 1141136.0 225420.0 1141137.0 225425.0 50.0
2.0 1141137.0 225441.0 1141137.0 225445.0 30.0
2.0 1141139.0 225447.0 1141140.0 225451.0 120.0
2.0 1141138.0 225459.0 1141107.0 225454.0 120.0
2.0 1141097.0 225453.0 1141095.0 225453.0 8.0
2.0 1141088.0 225452.0 1141083.0 225451.0 8.0
2.0 1141065.0 225450.0 1141062.0 225454.0 8.0
2.0 1141061.0 225462.0 1141054.0 225479.0 22.0
2.0 1141052.0 225485.0 1141050.0 225490.0 52.0
2.0 1141051.0 225501.0 1141052.0 225512.0 68.0
2.0 1141058.0 225515.0 1141073.0 225518.0 30.0
2.0 1141073.0 225519.0 1141073.0 225519.0 0.0
2.0 1141100.0 225538.0 1141152.0 225538.0 118.0
2.0 1141156.0 225560.0 1141159.0 225587.0 30.0
2.0 1141182.0 225588.0 1141187.0 225588.0 8.0
2.0 1141201.0 225584.0 1141227.0 225562.0 30.0
2.0 1141236.0 225553.0 1141282.0 225565.0 262.0
2.0 1141279.0 225570.0 1141268.0 225578.0 22.0
2.0 1141224.0 225577.0 1141189.0 225543.0 30.0
2.0 1141176.0 225519.0 1141166.0 225492.0 30.0
2.0 1141169.0 225474.0 1141170.0 225471.0 8.0
2.0 1141171.0 225470.0 1141174.0 225453.0 30.0
2.0 1141174.0 225452.0 1141177.0 225446.0 60.0
2.0 1141179.0 225437.0 1141181.0 225434.0 8.0
2.0 1141184.0 225420.0 1141159.0 225411.0 92.0
3.0 1141138.0 225408.0 1141136.0 225413.0 10.0
3.0 1141135.0 225420.0 1141136.0 225423.0 20.0
3.0 1141135.0 225423.0 1141137.0 225408.0 30.0
3.0 1141137.0 225398.0 1141138.0 225384.0 60.0
3.0 1141150.0 225383.0 1141162.0 225385.0 8.0
3.0 1141184.0 225397.0 1141194.0 225403.0 8.0
3.0 1141203.0 225415.0 1141216.0 225408.0 30.0
3.0 1141215.0 225403.0 1141213.0 225399.0 54.0
3.0 1141204.0 225389.0 1141200.0 225388.0 6.0
3.0 1141192.0 225396.0 1141190.0 225397.0 6.0
3.0 1141187.0 225398.0 1141180.0 225403.0 26.0
3.0 1141168.0 225397.0 1141143.0 225388.0 30.0
3.0 1140835.0 225374.0 1140834.0 225375.0 8.0
3.0 1140810.0 225371.0 1140789.0 225349.0 22.0
3.0 1140761.0 225319.0 1140719.0 225318.0 30.0
3.0 1140682.0 225319.0 1140645.0 225319.0 22.0
3.0 1140608.0 225318.0 1140600.0 225318.0 8.0
3.0 1141379.0 225723.0 1141381.0 225729.0 8.0
3.0 1141358.0 225781.0 1141358.0 225780.0 4.0
3.0 1141340.0 225768.0 1141315.0 225775.0 30.0
3.0 1140768.0 225527.0 1140753.0 225515.0 30.0
3.0 1140750.0 225514.0 1140735.0 225513.0 30.0
3.0 1140719.0 225511.0 1140688.0 225511.0 30.0
3.0 1140681.0 225511.0 1140681.0 225510.0 120.0
3.0 1140628.0 225326.0 1140629.0 225321.0 6.0
3.0 1140630.0 225285.0 1140630.0 225267.0 38.0
3.0 1140628.0 225260.0 1140599.0 225246.0 90.0
3.0 1140600.0 225236.0 1140598.0 225236.0 8.0
3.0 1140590.0 225236.0 1140588.0 225236.0 6.0
3.0 1140589.0 225224.0 1140590.0 225205.0 101.0
3.0 1140583.0 225197.0 1140552.0 225186.0 30.0
3.0 1140514.0 225182.0 1140490.0 225184.0 90.0
3.0 1140450.0 225195.0 1140440.0 225200.0 8.0
3.0 1140419.0 225212.0 1140396.0 225224.0 22.0
3.0 1140378.0 225237.0 1140383.0 225240.0 8.0
3.0 1140401.0 225257.0 1140402.0 225257.0 8.0
3.0 1140406.0 225258.0 1140409.0 225260.0 8.0
3.0 1140415.0 225255.0 1140418.0 225248.0 30.0
3.0 1140418.0 225244.0 1140414.0 225238.0 60.0
3.0 1140412.0 225232.0 1140394.0 225226.0 30.0
3.0 1140386.0 225230.0 1140378.0 225234.0 22.0
3.0 1140372.0 225237.0 1140347.0 225251.0 22.0
3.0 1140336.0 225257.0 1140329.0 225261.0 52.0
3.0 1140300.0 225224.0 1140295.0 225220.0 8.0
3.0 1140287.0 225224.0 1140281.0 225227.0 30.0
3.0 1140279.0 225228.0 1140268.0 225234.0 30.0
3.0 1140259.0 225241.0 1140267.0 225249.0 30.0
3.0 1140268.0 225250.0 1140272.0 225252.0 22.0
3.0 1140271.0 225264.0 1140268.0 225270.0 60.0
3.0 1140263.0 225275.0 1140258.0 225280.0 30.0
3.0 1140252.0 225283.0 1140251.0 225284.0 8.0
3.0 1140245.0 225287.0 1140238.0 225297.0 30.0
3.0 1140236.0 225309.0 1140236.0 225312.0 8.0
3.0 1140263.0 225308.0 1140305.0 225300.0 30.0
3.0 1140314.0 225299.0 1140323.0 225299.0 22.0
3.0 1140336.0 225299.0 1140358.0 225301.0 22.0
3.0 1140366.0 225302.0 1140386.0 225305.0 22.0
3.0 1140411.0 225308.0 1140424.0 225310.0 30.0
3.0 1140456.0 225312.0 1140448.0 225312.0 30.0
3.0 1140459.0 225350.0 1140476.0 225352.0 22.0
3.0 1140499.0 225353.0 1140499.0 225354.0 8.0
3.0 1140493.0 225354.0 1140481.0 225352.0 220.0
3.0 1140479.0 225338.0 1140470.0 225316.0 38.0
3.0 1140439.0 225314.0 1140424.0 225313.0 8.0
3.0 1140383.0 225308.0 1140368.0 225306.0 8.0
3.0 1140322.0 225303.0 1140261.0 225313.0 38.0
3.0 1140231.0 225322.0 1140225.0 225345.0 30.0
3.0 1140226.0 225349.0 1140244.0 225347.0 22.0
3.0 1140246.0 225338.0 1140252.0 225321.0 22.0
3.0 1140280.0 225287.0 1140310.0 225269.0 30.0
3.0 1140310.0 225268.0 1140301.0 225271.0 22.0
3.0 1140283.0 225267.0 1140274.0 225266.0 22.0
3.0 1140269.0 225267.0 1140268.0 225269.0 8.0
3.0 1140259.0 225265.0 1140255.0 225264.0 8.0
3.0 1140248.0 225273.0 1140248.0 225273.0 0.0
3.0 1140249.0 225275.0 1140250.0 225277.0 8.0
3.0 1140250.0 225281.0 1140243.0 225286.0 30.0
3.0 1140238.0 225296.0 1140238.0 225300.0 8.0
3.0 1140236.0 225309.0 1140236.0 225312.0 8.0
3.0 1140245.0 225313.0 1140263.0 225308.0 22.0
3.0 1140304.0 225300.0 1140314.0 225299.0 8.0
